10
2147483647 22 73 24 94 38 57 28 83 9 
22 2147483647 37 68 57 99 74 37 46 77 
73 37 2147483647 36 12 25 63 6 15 79 
24 68 36 2147483647 43 16 71 47 68 89 
94 57 12 43 2147483647 71 97 30 35 85 
38 99 25 16 71 2147483647 82 14 65 4 
57 74 63 71 97 82 2147483647 58 44 52 
28 37 6 47 30 14 58 2147483647 51 55 
83 46 15 68 35 65 44 51 2147483647 100
9 77 79 89 85 4 52 55 100 2147483647
