100
2147483647 40 29 67 85 41 75 75 60 100 75 36 90 22 22 87 19 21 35 44 17 3 70 47 79 11 54 7 64 83 30 59 5 17 56 38 30 54 44 71 76 57 52 74 39 57 80 52 90 90 86 60 28 50 39 82 93 35 26 91 29 61 32 40 61 1564 11 7 59 29 13 67 48 47 72 1 60 11 47 23 5 96 29 83 8 24 74 3 6 82 63 5 88 3 76 39 15 13 39
40 2147483647 30 85 22 42 34 15 63 63 46 49 41 23 73 19 66 15 60 1 90 29 82 98 38 87 76 81 18 25 25 58 20 66 100 51 100 39 10 44 76 13 8 59 35 24 93 29 38 45 65 50 75 36 30 100 50 70 14 88 38 24 61 67 7 33 95 17 30 20 58 73 42 87 36 39 58 79 5 72 39 84 80 33 87 3 86 21 58 86 62 29 12 98 38 23 18 6 1 55
29 30 2147483647 41 43 70 58 14 63 98 1 96 9 6 27 53 95 72 82 51 82 50 96 76 27 95 64 23 35 30 4 91 57 66 58 99 57 97 27 92 77 58 9 29 20 59 68 70 17 35 87 32 87 11 12 61 3 38 11 29 4 54 71 19 50 20 54 50 97 23 88 82 1 2 33 57 61 85 85 95 31 68 7 11 54 65 91 58 61 94 22 46 39 72 30 57 52 90 3 11
67 85 41 2147483647 69 27 82 80 84 84 26 78 24 44 35 64 100 72 43 22 40 100 91 95 79 95 16 94 40 60 59 62 47 25 97 30 18 27 90 50 67 18 63 29 84 99 83 5 38 49 86 58 95 16 34 51 27 20 49 85 10 8 26 52 7 37 37 86 4 95 98 1 38 84 25 94 7 86 86 14 47 75 70 66 100 68 75 83 82 21 94 13 21 36 36 68 84 2 45 20
85 22 43 69 2147483647 33 94 78 42 77 98 14 39 80 59 99 35 19 74 86 59 29 90 25 61 18 20 50 35 3 46 96 56 7 67 70 59 64 36 33 32 87 79 38 3 7 41 98 4 2 81 3 48 93 44 74 14 65 86 65 92 38 54 86 63 20 98 48 40 89 2 36 59 51 84 62 12 79 72 52 55 52 25 47 92 61 48 52 32 66 5 41 13 23 19 53 53 93 15 80
41 42 70 27 33 2147483647 59 63 49 55 84 34 58 62 26 96 47 97 2 89 18 90 55 57 29 36 26 99 53 84 16 41 40 59 39 99 68 6 50 17 81 58 7 90 5 17 29 69 90 97 78 61 54 85 95 31 73 95 85 35 55 81 31 13 16 100 4 93 36 48 81 77 8 15 9 75 69 61 57 69 92 92 19 2 72 16 50 23 76 17 19 42 56 98 94 83 62 69 46 76
75 34 58 82 94 59 2147483647 76 24 78 13 99 94 29 57 11 9 35 39 21 7 14 70 51 87 84 70 87 50 87 83 697 42 82 5 66 53 19 67 55 36 29 92 70 19 75 78 17 36 18 60 33 10 5 97 28 49 79 10 58 2 99 10 56 50 8 82 59 4 69 89 73 22 10 50 31 23 45 55 44 40 99 5 43 46 29 5 3 49 48 67 28 98 44 60 53 82 80 17
75 15 14 80 78 63 76 2147483647 25 10 28 50 32 79 53 6 54 84 72 91 76 77 37 26 42 59 78 29 94 7 89 4113 21 59 13 23 4 92 98 72 42 61 47 75 59 16 85 9 61 65 72 78 65 40 69 71 8 77 19 78 62 45 50 47 93 794 63 96 95 96 26 34 12 71 40 1 47 69 41 27 53 32 29 3 61 66 72 93 24 8 78 98 7 61 68 53 5 66
60 63 63 84 42 49 24 25 2147483647 88 83 56 11 48 46 80 63 65 14 41 2 64 9 86 85 83 10 77 19 38 4 98 9 26 80 77 87 58 78 5 26 4 86 50 29 83 24 80 6 62 86 76 38 86 25 16 45 53 83 86 82 48 50 1 18 50 21 5391 76 58 75 26 46 22 73 57 46 94 94 78 46 76 71 9 78 33 69 28 8 53 96 3 68 26 47 12 15 32 17
100 63 98 84 77 55 78 10 88 2147483647 22 56 21 1 73 43 4 68 59 35 12 67 83 54 26 38 10 10 43 68 62 42 29 92 3 9 38 33 96 82 43 73 69 19 50 62 76 90 24 56 31 89 31 47 19 37 61 62 50 52 84 42 15 5 39 63 21 68 86 98 65 28 45 50 33 80 77 49 45 56 91 74 31 35 99 85 11 95 22 22 78 54 88 72 94 71 71 82 37 55
75 46 1 26 98 84 13 28 83 22 2147483647 94 6 46 47 67 87 98 100 48 75 91 5 20 83 54 81 88 5 35 69 76 98 89 50 48 75 27 24 64 5 50 55 1 84 42 46 1 23 59 43 58 48 44 61 94 96 33 11 58 48 30 90 58 1 21 63 57 16 1 54 72 48 57 75 22 89 87 44 24 34 55 28 76 40 12 89 84 50 99 86 14 2 33 91 71 81 48 12 98
36 49 96 78 14 34 99 50 56 56 94 2147483647 91 83 40 99 43 1 23 26 79 85 27 72 66 16 96 3 6 37 43 42 66 80 26 79 78 96 39 72 4 93 52 60 24 29 35 90 78 97 10 74 90 75 57 57 29 12 74 3 41 47 12 70 77 85 1322 26 79 36 61 29 44 74 92 31 48 72 58 51 90 43 75 47 92 16 38 51 55 23 76 53 65 89 53 18 37 67 55
90 41 9 24 39 58 94 32 11 21 6 91 2147483647 88 12 26 33 68 85 84 66 95 96 56 40 14 33 27 5 10 48 54 98 32 25 56 62 37 31 55 36 51 46 33 23 74 73 50 87 91 76 46 16 19 98 93 61 46 82 88 61 67 13 50 97 95 73 38 27 89 20 24 44 46 73 37 55 96 10 63 6 37 2 20 58 10 26 31 98 70 13 65 24 45 48 15 65 6 35 11
22 23 6 44 80 62 29 79 48 1 46 83 88 2147483647 84 73 35 75 56 62 78 60 34 81 34 18 32 39 14 47 1 24 31 29 47 50 72 59 98 100 58 81 12 80 40 19 6 61 16 32 38 39 71 49 69 12 51 96 48 40 68 85 51 63 83 99 66 56 60 93 27 21 51 86 78 50 92 81 40 84 38 26 2 48 55 76 16 67 86 93 31 16 88 63 68 97 48 86 54 58
22 73 27 35 59 26 57 53 46 73 47 40 12 84 2147483647 79 8 36 62 95 67 37 15 25 49 15 1 59 93 31 56 3073 52 73 9 9 21 18 82 16 41 22 24 58 27 40 74 29 31 55 2 88 67 65 69 28 95 41 77 94 21 32 65 46 56 3792 4 31 91 27 17 88 44 22 15 86 46 79 34 92 28 86 85 85 97 54 61 8 2 48 86 25 27 31 71 1 55 100
87 19 53 64 99 96 11 6 80 43 67 99 26 73 79 2147483647 11 34 91 43 77 77 88 20 59 99 23 50 3 10 63 4573 91 48 64 1 13 14 2 57 19 1 100 94 71 15 95 52 98 23 87 6 16 66 65 41 85 85 61 53 17 86 31 11 45 6916 61 24 52 74 36 28 93 9 28 59 89 78 73 97 41 35 95 73 61 6 84 82 80 66 99 70 21 30 28 72 27 91
19 66 95 100 35 47 9 54 63 4 87 43 33 35 8 11 2147483647 91 81 31 70 85 65 97 45 81 21 59 45 70 37 5930 70 17 37 67 93 75 52 73 98 70 30 63 29 11 19 84 22 3 32 39 42 10 24 82 76 57 99 35 54 4 92 21 26 26 16 5 70 16 7 22 52 4 98 39 68 54 42 92 17 85 95 29 66 66 71 37 66 33 98 7 90 25 67 9 47 39 70
21 15 72 72 19 97 35 84 65 68 98 1 68 75 36 34 91 2147483647 72 92 62 72 58 68 24 81 47 69 88 26 32 53 62 98 48 65 97 24 17 91 48 56 46 30 26 81 35 13 16 98 2 56 10 58 44 59 54 20 74 53 41 90 40 20 16 5843 58 23 64 37 26 97 52 43 9 60 21 39 13 11 64 54 83 93 29 93 33 88 46 22 20 28 65 55 62 11 60 21 52
35 60 82 43 74 2 39 72 14 59 100 23 85 56 62 91 81 72 2147483647 64 35 10 52 45 56 42 14 82 5 52 72 34 4 14 62 78 67 63 56 3 76 12 27 98 46 38 11 28 84 51 50 31 99 22 70 89 88 21 79 24 87 40 16 42 67 46 43 39 11 82 53 87 79 31 98 6 81 24 91 67 9 37 61 87 74 6 21 7 27 31 40 72 36 9 57 70 3 20 78 71
44 1 51 22 86 89 21 91 41 35 48 26 84 62 95 43 31 92 64 2147483647 34 39 25 4 11 7 57 47 62 58 18 17 19 60 78 52 81 65 66 32 18 5 27 10 14 74 16 20 89 24 27 14 18 63 59 9 5 9 54 20 92 66 97 11 44 63 98 62 43 93 8 23 13 5 89 31 44 20 65 1 42 100 73 77 41 36 66 69 6 39 58 53 87 96 16 57 10 61 26 65
17 90 82 40 59 18 7 76 2 12 75 79 66 78 67 77 70 62 35 34 2147483647 1 11 31 86 65 30 29 57 74 59 11 32 92 52 16 50 39 16 3 15 16 5 17 67 77 24 21 30 60 92 74 16 69 61 50 20 30 92 62 44 14 40 50 99 8 41 68 71 30 41 50 33 80 89 69 17 7 17 21 67 58 24 100 24 47 21 15 52 74 61 29 88 43 28 96 63 51 7 53
3 29 50 100 29 90 14 77 64 67 91 85 95 60 37 77 85 72 10 39 1 2147483647 65 30 90 36 65 21 2 71 39 6084 53 19 10 1 33 69 76 46 41 63 4 65 46 36 47 57 19 52 63 85 25 2 9 81 59 92 62 37 42 33 78 52 5 77 79 97 20 47 67 15 12 41 65 47 98 55 81 18 78 80 28 48 87 48 6 91 26 67 12 52 16 91 100 68 49 2 26
70 82 96 91 90 55 70 37 9 83 5 27 96 34 15 88 65 58 52 25 11 65 2147483647 47 84 39 29 75 27 59 77 7178 17 17 55 36 64 50 88 64 85 96 21 38 66 1 97 40 7 68 92 13 42 54 100 28 69 87 93 28 21 81 76 47 93 63 60 98 1 62 39 82 33 92 90 86 76 92 40 26 8 40 5 67 69 53 7 92 21 84 72 100 85 76 41 81 61 29 93
47 98 76 95 25 57 51 26 86 54 20 72 56 81 25 20 97 68 45 4 31 30 47 2147483647 45 24 25 59 49 86 88 28 57 33 99 15 39 49 54 34 59 1 36 47 57 97 83 9 83 76 49 80 92 96 60 66 69 92 42 49 68 27 37 45 44 47 95 42 84 11 53 56 23 59 95 53 60 24 55 84 66 24 77 19 25 18 18 85 76 82 9 74 19 66 81 88 5 22 51 24
79 38 27 79 61 29 87 42 85 26 83 66 40 34 49 59 45 24 56 11 86 90 84 45 2147483647 32 51 15 28 65 18 51 92 87 41 13 98 66 80 66 87 94 32 37 35 10 54 66 23 32 21 99 82 96 35 36 94 21 4 76 1 82 43 38 34 3180 24 28 87 13 7 35 5 7 32 83 9 66 17 31 12 52 13 37 2 82 96 20 58 63 72 17 93 56 38 40 15 29 29
11 87 95 95 18 36 84 59 83 38 54 16 14 18 15 99 81 81 42 7 65 36 39 24 32 2147483647 49 15 51 84 35 73 45 67 38 21 41 8 57 71 54 48 7 59 53 54 95 61 95 85 27 64 41 81 28 65 37 65 83 44 26 52 62 30 62 50 74 40 6 90 45 1 49 87 13 67 21 25 5 95 73 99 66 31 7 30 25 2 21 20 43 24 37 6 25 95 78 9 78 20
54 76 64 16 20 26 70 78 10 10 81 96 33 32 1 23 21 47 14 57 30 65 29 25 51 49 2147483647 63 55 40 100 1 70 96 69 11 35 83 57 12 25 28 41 84 84 6 61 40 13 46 87 60 23 16 23 13 45 19 32 16 61 5 14 11 22 63 98 93 54 67 89 15 39 71 16 98 4 14 64 82 97 51 86 5 18 13 39 65 56 77 90 11 53 2 3 78 34 43 92 34
7 81 23 94 50 99 87 29 77 10 88 3 27 39 59 50 59 69 82 47 29 21 75 59 15 15 63 2147483647 40 65 41 4153 1 17 91 47 59 15 6 8 89 21 34 18 71 97 18 66 42 84 91 41 41 47 84 54 28 36 73 55 80 49 36 2 88 26 69 9 29 97 93 59 51 90 83 12 88 1 6 74 16 55 1 22 96 25 13 10 74 31 17 97 83 12 79 100 18 24 2
64 18 35 40 35 53 50 94 19 43 5 6 5 14 93 3 45 88 5 62 57 2 27 49 28 51 55 40 2147483647 87 71 81 71 86 67 71 87 29 2 69 82 18 50 96 61 25 33 7 22 11 8 6 27 83 30 55 70 46 45 90 53 48 9 43 79 35 68 73 3958 19 6 85 5 42 28 39 66 75 85 33 72 6 73 32 87 44 1 7 75 38 25 97 84 23 30 30 13 53 7
83 25 30 60 3 84 87 7 38 68 35 37 10 47 31 10 70 26 52 58 74 71 59 86 65 84 40 65 87 2147483647 73 7552 15 50 69 31 38 16 47 34 38 58 28 81 25 14 61 10 70 72 83 47 44 25 92 64 92 42 60 35 57 93 100 86 61 68 81 29 99 11 48 41 62 49 75 81 77 76 17 1 40 31 93 81 43 36 25 93 39 44 100 9 88 52 76 1 87 69 22
30 25 4 59 46 16 83 89 4 62 69 43 48 1 56 63 37 32 72 18 59 39 77 88 18 35 100 41 71 73 2147483647 8129 74 97 42 91 28 51 18 90 75 24 33 68 70 13 9 83 41 14 67 18 69 6 69 72 30 48 48 60 53 94 70 11 4 8957 46 24 46 90 85 37 94 10 72 39 46 80 92 7 53 70 40 37 43 92 40 4 87 71 55 87 17 70 51 75 21 18
59 58 91 62 96 41 69 41 98 42 76 42 54 24 30 45 59 53 34 17 11 60 71 28 51 73 1 41 81 75 81 2147483647 27 2 22 8 17 34 98 92 9 74 1 21 51 34 12 11 63 1 93 17 6 84 20 88 15 80 71 80 81 8 92 34 40 49 31 3697 16 47 70 3 4 40 51 39 77 85 32 7 29 1 53 66 95 20 75 9 32 71 88 2 71 77 58 68 79 65 97
5 20 57 47 56 40 7 13 9 29 98 66 98 31 73 73 30 62 4 19 32 84 78 57 92 45 70 53 71 52 29 27 2147483647 80 49 72 83 76 77 90 62 2 17 38 67 48 58 90 47 66 88 85 22 32 55 44 65 13 55 99 72 33 53 18 92 45 6297 10 18 20 73 83 100 36 65 90 7 81 88 91 23 62 77 68 98 21 97 2 24 57 81 21 37 41 98 18 92 70 29
17 66 66 25 7 59 42 21 26 92 89 80 32 29 52 91 70 98 14 60 92 53 17 33 87 67 96 1 86 15 74 2 80 2147483647 6 40 47 24 77 61 18 84 33 14 87 28 32 30 52 27 52 98 56 32 69 29 74 68 58 76 16 58 16 88 13 75 42 59 95 98 34 71 86 91 78 18 85 24 30 26 74 74 60 32 93 53 85 1 100 50 60 16 93 59 46 26 55 16 24 28
56 100 58 97 67 39 82 59 80 3 50 26 25 47 73 48 17 48 62 78 52 19 17 99 41 38 69 17 67 50 97 22 49 6 2147483647 90 86 60 39 93 75 91 15 49 34 32 95 15 1 1 30 74 1 99 5 39 93 51 71 16 91 68 18 85 98 38 1921 100 62 97 22 40 87 16 97 98 14 23 97 53 55 70 18 65 14 94 9 90 4 65 52 74 58 12 25 3 80 62 69
38 51 99 30 70 99 5 13 77 9 48 79 56 50 9 64 37 65 78 52 16 10 55 15 13 21 11 91 71 69 42 8 72 40 90 2147483647 93 91 12 74 93 88 96 28 69 6 50 39 2 67 68 87 69 24 50 17 30 77 92 63 15 70 6 55 55 16 11 96 49 6 21 8 93 2 20 79 1 85 52 92 97 27 39 23 11 58 20 48 33 42 13 21 85 60 59 2 23 36 36 8
30 100 57 18 59 68 66 23 87 38 75 78 62 72 9 1 67 97 67 81 50 1 36 39 98 41 35 47 87 31 91 17 83 47 86 93 2147483647 29 27 30 50 42 91 3 92 97 60 98 41 75 81 11 10 68 63 11 46 62 94 62 22 90 99 52 28 74 46 3 30 97 66 47 45 57 87 93 5 36 86 46 65 17 30 34 17 68 86 75 75 18 78 10 100 56 92 8 16 37 21 55
54 39 97 27 64 6 53 4 58 33 27 96 37 59 21 13 93 24 63 65 39 33 64 49 66 8 83 59 29 38 28 34 76 24 6091 29 2147483647 9 59 29 78 43 92 4 50 21 93 69 36 47 85 85 61 61 35 21 99 49 25 100 69 68 47 53 39 26 2 58 65 65 10 12 9 77 46 28 36 67 51 97 94 68 22 7 59 74 13 92 52 12 18 1 55 7 84 55 13 41 85
44 10 27 90 36 50 19 92 78 96 24 39 31 98 18 14 75 17 56 66 16 69 50 54 80 57 57 15 2 16 51 98 77 77 39 12 27 9 2147483647 71 16 29 8 74 95 64 17 75 63 28 33 10 99 40 41 37 52 84 20 33 45 32 2 5 1 8 41 99 64 54 67 55 18 87 83 1 92 37 98 60 37 53 91 6 91 60 80 66 57 34 36 81 62 9 17 63 42 40 92 73
71 44 92 50 33 17 67 98 5 82 64 72 55 100 82 2 52 91 3 32 3 76 88 34 66 71 12 6 69 47 18 92 90 61 93 74 30 59 71 2147483647 76 97 76 4 72 79 35 29 47 88 67 86 99 54 87 27 42 66 76 47 55 37 48 52 45 23 1855 72 73 23 21 71 55 60 17 61 82 31 39 95 62 57 56 77 45 19 44 54 26 31 57 3 76 69 6 79 51 52 71
76 76 77 67 32 81 55 72 26 43 5 4 36 58 16 57 73 48 76 18 15 46 64 59 87 54 25 8 82 34 90 9 62 18 75 93 50 29 16 76 2147483647 2 63 10 5 11 96 82 44 43 78 74 15 7 80 24 81 60 99 28 83 10 35 51 43 53 98 21 95 63 30 90 8 10 10 26 5 36 63 59 87 68 50 8 58 43 84 60 65 74 89 24 40 78 1 7 78 95 78 91
57 13 58 18 87 58 36 42 4 73 50 93 51 81 41 19 98 56 12 5 16 41 85 1 94 48 28 89 18 38 75 74 2 84 91 88 42 78 29 97 2 2147483647 14 26 79 58 62 75 37 38 27 19 46 83 2 82 99 69 30 90 92 61 91 14 1 28 4 5579 6 20 26 17 95 58 22 32 76 94 83 70 7 19 82 30 23 68 49 6 33 73 46 63 94 7 33 23 39 56 22
52 8 9 63 79 7 29 61 86 69 55 52 46 12 22 1 70 46 27 27 5 63 96 36 32 7 41 21 50 58 24 1 17 33 15 96 91 43 8 76 63 14 2147483647 64 47 59 22 19 76 84 28 12 89 28 96 35 22 77 2 49 95 35 59 74 74 60 30 77 97 3 10 33 99 98 85 8 92 81 55 96 45 4 51 31 76 36 34 33 56 80 5 84 7 40 9 10 96 39 19 77
74 59 29 29 38 90 92 47 50 19 1 60 33 80 24 100 30 30 98 10 17 4 21 47 37 59 84 34 96 28 33 21 38 14 49 28 3 92 74 4 10 26 64 2147483647 79 37 21 31 30 33 5 71 82 25 77 16 93 5 80 67 43 28 47 52 91 47 7058 74 51 49 65 3 8 82 14 11 32 72 73 45 4 51 27 67 4 9 42 62 43 2 88 63 23 100 73 42 100 64 1
39 35 20 84 3 5 70 75 29 50 84 24 23 40 58 94 63 26 46 14 67 65 38 57 35 53 84 18 61 81 68 51 67 87 34 69 92 4 95 72 5 79 47 79 2147483647 76 67 87 4 69 64 58 17 32 70 94 49 16 78 82 11 98 93 76 35 27 2163 90 98 98 98 68 80 87 23 75 56 33 67 7 32 72 81 36 99 35 68 43 77 56 62 50 56 26 81 22 24 9 79
57 24 59 99 7 17 19 59 83 62 42 29 74 19 27 71 29 81 38 74 77 46 66 97 10 54 6 71 25 25 70 34 48 28 32 6 97 50 64 79 11 58 59 37 76 2147483647 13 44 4 66 82 13 28 47 12 3 49 24 94 77 41 55 43 38 71 15 6768 53 86 52 60 67 85 28 30 58 18 100 75 30 95 78 68 60 72 31 38 17 39 6 32 45 16 87 92 67 39 25 29
80 93 68 83 41 29 75 16 24 76 46 35 73 6 40 15 11 35 11 16 24 36 1 83 54 95 61 97 33 14 13 12 58 32 95 50 60 21 17 35 96 62 22 21 67 13 2147483647 77 81 30 27 9 39 92 43 80 85 41 17 28 47 44 85 35 1 43 91 73 34 26 52 38 90 87 27 75 90 42 12 51 69 52 92 13 62 77 22 99 45 24 33 54 13 92 21 2 21 23 42 92
52 29 70 5 98 69 78 85 80 90 1 90 50 61 74 95 19 13 28 20 21 47 97 9 66 61 40 18 7 61 9 11 90 30 15 39 98 93 75 29 82 75 19 31 87 44 77 2147483647 87 42 18 89 7 25 31 17 30 44 86 32 45 51 97 19 56 52 98 78 94 19 65 56 41 84 90 21 13 24 38 8 50 48 56 75 16 16 1 38 32 43 88 59 9 97 50 47 83 71 99 1
90 38 17 38 4 90 17 9 6 24 23 78 87 16 29 52 84 16 84 89 30 57 40 83 23 95 13 66 22 10 83 63 47 52 1 2 41 69 63 47 44 37 76 30 4 4 81 87 2147483647 64 36 69 37 4 8 61 2 43 67 81 81 45 34 57 86 25 9 77 7549 89 85 15 88 23 38 17 38 39 87 40 10 84 50 53 1 23 71 56 84 28 51 24 81 94 53 77 51 98 80
90 45 35 49 2 97 36 61 62 56 59 97 91 32 31 98 22 98 51 24 60 19 7 76 32 85 46 42 11 70 41 1 66 27 1 67 75 36 28 88 43 38 84 33 69 66 30 42 64 2147483647 29 40 89 65 64 68 72 62 95 51 86 83 52 76 68 88 33 63 97 7 5 76 69 17 76 80 70 66 3 69 29 40 4 100 87 34 42 6 23 7 25 77 48 52 29 72 24 42 19 14
86 65 87 86 81 78 18 65 86 31 43 10 76 38 55 23 3 2 50 27 92 52 68 49 21 27 87 84 8 72 14 93 88 52 3068 81 47 33 67 78 27 28 5 64 82 27 18 36 29 2147483647 2 76 88 41 78 87 4 91 51 36 69 45 29 51 67 47 91 88 63 73 30 54 40 78 3 56 95 55 60 44 99 80 52 56 52 66 58 37 33 45 11 95 93 17 55 44 83 25 65
60 50 32 58 3 61 60 72 76 89 58 74 46 39 2 87 32 56 31 14 74 63 92 80 99 64 60 91 6 83 67 17 85 98 7487 11 85 10 86 74 19 12 71 58 13 9 89 69 40 2 2147483647 4 24 68 63 73 24 58 94 76 58 74 6 84 84 2 9698 78 29 34 47 19 11 58 86 96 7 59 6 67 7 1 28 47 95 85 7 9 40 32 63 75 21 48 91 53 56 84
28 75 87 95 48 54 33 78 38 31 48 90 16 71 88 6 39 10 99 18 16 85 13 92 82 41 23 41 27 47 18 6 22 56 169 10 85 99 99 15 46 89 82 17 28 39 7 37 89 76 4 2147483647 90 18 29 4 20 86 64 74 24 36 5 19 44 61 41 45 79 3 94 35 29 16 97 16 63 9 1 46 17 83 79 86 20 41 11 66 32 91 88 100 20 71 23 91 42 72 92
50 36 11 16 93 85 10 65 86 47 44 75 19 49 67 16 42 58 22 63 69 25 42 96 96 81 16 41 83 44 69 84 32 3299 24 68 61 40 54 7 83 28 25 32 47 92 25 4 65 88 24 90 2147483647 95 77 66 72 77 96 15 89 25 4 97 59 61 2 38 64 86 68 87 73 69 93 94 70 46 51 69 7 71 8 74 20 70 65 28 5 80 34 95 29 45 95 24 43 53 9
39 30 12 34 44 95 5 40 25 19 61 57 98 69 65 66 10 44 70 59 61 2 54 60 35 28 23 47 30 25 6 20 55 69 5 50 63 61 41 87 80 2 96 77 70 12 43 31 8 64 41 68 18 95 2147483647 28 42 67 51 42 43 37 10 3 80 31 96 89 81 40 33 41 21 77 58 63 45 20 13 95 71 90 83 19 52 16 65 69 34 43 49 57 34 40 2 35 47 27 7 59
82 100 61 51 74 31 97 69 16 37 94 57 93 12 69 65 24 59 89 9 50 9 100 66 36 65 13 84 55 92 69 88 44 2939 17 11 35 37 27 24 82 35 16 94 3 80 17 61 68 78 63 29 77 28 2147483647 97 40 90 91 74 57 78 42 52 74 41 17 72 17 16 100 69 85 74 28 51 23 74 17 29 81 34 43 23 73 74 58 85 42 53 11 68 12 27 60 83 8 1 20
93 50 3 27 14 73 28 71 45 61 96 29 61 51 28 41 82 54 88 5 20 81 28 69 94 37 45 54 70 64 72 15 65 74 93 30 46 21 52 42 81 99 22 93 49 49 85 30 2 72 87 73 4 66 42 97 2147483647 88 60 91 92 92 87 86 11 60 34 94 95 53 31 21 87 59 33 59 14 47 2 45 93 57 89 39 81 2 94 18 100 24 75 9 31 35 69 89 53 52 31 29
35 70 38 20 65 95 49 8 53 62 33 12 46 96 95 85 76 20 21 9 30 59 69 92 21 65 19 28 46 92 30 80 13 68 51 77 62 99 84 66 60 69 77 5 16 24 41 44 43 62 4 24 20 72 67 40 88 2147483647 34 10 56 41 75 13 1 93 4582 35 58 73 56 60 48 73 60 100 33 76 28 19 92 21 75 22 80 3 85 90 19 90 20 86 93 4 12 81 21 50 44
26 14 11 49 86 85 79 77 83 50 11 74 82 48 41 85 57 74 79 54 92 92 87 42 4 83 32 36 45 42 48 71 55 58 71 92 94 49 20 76 99 30 2 80 78 94 17 86 67 95 91 58 86 77 51 90 60 34 2147483647 16 28 37 27 77 6 14 18 85 80 46 64 93 28 35 63 62 62 10 26 74 2 48 89 43 44 68 98 70 47 15 83 27 64 46 90 39 82 26 24 21
91 88 29 85 65 35 10 19 86 52 58 3 88 40 77 61 99 53 24 20 62 62 93 49 76 44 16 73 90 60 48 80 99 76 16 63 62 25 33 47 28 90 49 67 82 77 28 32 81 51 51 94 64 96 42 91 91 10 16 2147483647 44 39 47 28 89 94 1 66 33 62 49 26 24 15 27 38 4 64 29 82 25 80 94 63 64 88 90 18 58 50 12 34 80 18 43 70 82 16 83 87
29 38 4 10 92 55 58 78 82 84 48 41 61 68 94 53 35 41 87 92 44 37 28 68 1 26 61 55 53 35 60 81 72 16 91 15 22 100 45 55 83 92 95 43 11 41 47 45 81 86 36 76 74 15 43 74 92 56 28 44 2147483647 97 67 12 86 513 62 15 56 83 3 52 61 74 86 32 61 3 44 72 83 3 68 54 23 38 9 82 58 85 71 94 81 7 39 81 7 19 65
61 24 54 8 38 81 2 62 48 42 30 47 67 85 21 17 54 90 40 66 14 42 21 27 82 52 5 80 48 57 53 8 33 58 68 70 90 69 32 37 10 61 35 28 98 55 44 51 45 83 69 58 24 89 37 57 92 41 37 39 97 2147483647 72 99 68 17 693 78 21 61 34 64 24 8 71 33 49 71 53 93 54 93 65 35 56 92 13 86 71 21 49 70 33 58 60 85 100 96 90
32 61 71 26 54 31 99 45 50 15 90 12 13 51 32 86 4 40 16 97 40 33 81 37 43 62 14 49 9 93 94 92 53 16 18 6 99 68 2 48 35 91 59 47 93 43 85 97 34 52 45 74 36 25 10 78 87 75 27 47 67 72 2147483647 14 80 95 83 1 29 78 47 48 26 71 18 89 43 40 65 65 31 8 47 15 29 34 9 44 66 33 34 73 33 41 71 27 2 95 99 83
40 67 19 52 86 13 10 50 1 5 58 70 50 63 65 31 92 20 42 11 50 78 76 45 38 30 11 36 43 100 70 34 18 88 85 55 52 47 5 52 51 14 74 52 76 38 35 19 57 76 29 6 5 4 3 42 86 13 77 28 12 99 14 2147483647 77 49 26 58 24 25 2 27 34 12 9 3 21 68 83 32 62 58 64 44 73 20 10 57 83 81 41 51 14 69 99 36 98 98 40 93
61 7 50 7 63 16 56 47 18 39 1 77 97 83 46 11 21 16 67 44 99 52 47 44 34 62 22 2 79 86 11 40 92 13 98 55 28 53 1 45 43 1 74 91 35 71 1 56 86 68 51 84 19 97 80 52 11 1 6 89 86 68 80 77 2147483647 92 48 3 24 18 46 4 49 66 86 41 69 24 1 30 19 79 52 96 80 9 76 14 85 20 81 17 15 91 55 85 39 68 71 17
15 33 20 37 20 100 50 93 50 63 21 85 95 99 56 45 26 58 46 63 8 5 93 47 31 50 63 88 35 61 4 49 45 75 38 16 74 39 8 23 53 28 60 47 27 15 43 52 25 88 67 84 44 59 31 74 60 93 14 94 5 17 95 49 92 2147483647 173 81 91 43 69 66 57 34 85 92 53 87 13 84 62 68 85 93 47 2 53 8 36 98 24 58 98 82 4 4 26 60 3
64 95 54 37 98 4 8 79 21 21 63 13 73 66 37 69 26 43 43 98 41 77 63 95 80 74 98 26 68 68 89 31 62 42 19 11 46 26 41 18 98 4 30 70 21 67 91 98 9 33 47 2 61 61 96 41 34 45 18 1 13 6 83 26 48 1 2147483647 5 25 83 74 34 27 65 80 81 73 4 87 23 59 84 2 67 35 77 81 57 68 74 53 24 98 28 9 38 72 85 27 1
11 17 50 86 48 93 82 4 53 68 57 22 38 56 92 16 16 58 39 62 68 79 60 42 24 40 93 69 73 81 57 36 97 59 21 96 3 2 99 55 21 55 77 58 63 68 73 78 77 63 91 96 41 2 89 17 94 82 85 66 62 93 1 58 3 73 5 2147483647 5 15 11 3 94 22 24 33 73 59 38 75 35 96 33 81 96 76 62 88 11 89 10 26 14 98 46 44 54 4 92 72
7 30 97 4 40 36 59 63 91 86 16 26 27 60 4 61 5 23 11 43 71 97 98 84 28 6 54 9 39 29 46 97 10 95 100 49 30 58 64 72 95 79 97 74 90 53 34 94 75 97 88 98 45 38 81 72 95 35 80 33 15 78 29 24 24 81 25 5 2147483647 56 8 31 77 17 62 30 19 41 5 63 32 56 36 58 51 5 27 17 99 88 62 93 10 5 41 87 11 39 53 39
59 20 23 95 89 48 4 96 76 98 1 79 89 93 31 24 70 64 82 93 30 20 1 11 87 90 67 29 58 99 24 16 18 98 626 97 65 54 73 63 6 3 51 98 86 26 19 49 7 63 78 79 64 40 17 53 58 46 62 56 21 78 25 18 91 83 15 56 2147483647 40 40 96 3 15 81 17 41 36 82 95 88 45 24 25 89 61 22 24 8 40 56 12 37 25 52 14 76 19 25
29 58 88 98 2 81 69 95 58 65 54 36 20 27 91 52 16 37 53 8 41 47 62 53 13 45 89 97 19 11 46 47 20 34 97 21 66 65 67 23 30 20 10 49 98 52 52 65 89 5 73 29 3 86 33 16 31 73 64 49 83 61 47 2 46 43 74 11 8 402147483647 75 64 28 83 1 34 40 69 14 29 9 90 37 24 73 80 31 16 66 92 82 68 73 66 49 33 54 95 94
13 73 82 1 36 77 89 96 75 28 72 61 24 21 27 74 7 26 87 23 50 67 39 56 7 1 15 93 6 48 90 70 73 71 22 847 10 55 21 90 26 33 65 98 60 38 56 85 76 30 34 94 68 41 100 21 56 93 26 3 34 48 27 4 69 34 3 31 40 75 2147483647 85 27 71 7 75 76 67 73 18 75 37 66 60 99 10 28 16 61 50 16 49 34 41 45 88 33 82 29
67 42 1 38 59 8 73 26 26 45 48 29 44 51 17 36 22 97 79 13 33 15 82 23 35 49 39 59 85 41 85 3 83 86 4093 45 12 18 71 8 17 99 3 68 67 90 41 15 69 54 47 35 87 21 69 87 60 28 24 52 64 26 34 49 66 27 94 77 96 64 85 2147483647 97 72 55 48 68 81 17 17 94 63 5 7 11 80 22 81 92 13 1 74 30 31 36 88 15 74 99
48 87 2 84 51 15 22 34 46 50 57 44 46 86 88 28 52 52 31 5 80 12 33 59 5 87 71 51 5 62 37 4 100 91 87 2 57 9 87 55 10 95 98 8 80 85 87 84 88 17 40 19 29 73 77 85 59 48 35 15 61 24 71 12 66 57 65 22 17 3 28 27 97 2147483647 67 8 77 20 23 9 73 12 40 19 99 60 65 16 72 45 97 65 75 65 27 59 28 44 65 23
47 36 33 25 84 9 10 12 22 33 75 74 73 78 44 93 4 43 98 89 89 41 92 95 7 13 16 90 42 49 94 40 36 78 1620 87 77 83 60 10 58 85 82 87 28 27 90 23 76 78 11 16 69 58 74 33 73 63 27 74 8 18 9 86 34 80 24 62 15 83 71 72 67 2147483647 73 37 7 90 46 14 30 88 44 27 55 70 21 77 55 3 56 11 8 40 18 29 84 45 30
72 39 57 94 62 75 50 71 73 80 22 92 37 50 22 9 98 9 6 31 69 65 90 53 32 67 98 83 28 75 10 51 65 18 9779 93 46 1 17 26 22 8 14 23 30 75 21 38 80 3 58 97 93 63 28 59 60 62 38 86 71 89 3 41 85 81 33 30 81 1 7 55 8 73 2147483647 23 23 66 35 75 77 86 86 42 61 15 89 76 68 68 14 76 37 57 16 61 38 34 77
1 58 61 7 12 69 31 40 57 77 89 31 55 92 15 28 39 60 81 44 17 47 86 60 83 21 4 12 39 81 72 39 90 85 981 5 28 92 61 5 32 92 11 75 58 90 13 17 70 56 86 16 94 45 51 14 100 62 4 32 33 43 21 69 92 73 73 19 1734 75 48 77 37 23 2147483647 38 74 35 54 6 70 86 11 32 95 53 40 35 2 48 71 80 13 50 94 34 90 51
60 79 85 86 79 61 23 1 46 49 87 48 96 81 86 59 68 21 24 20 7 98 76 24 9 25 14 88 66 77 39 77 7 24 14 85 36 36 37 82 36 76 81 32 56 18 42 24 38 66 95 96 63 70 20 23 47 33 10 64 61 49 40 68 24 53 4 59 41 41 40 76 68 20 7 23 38 2147483647 2 48 35 81 31 57 88 31 91 20 74 78 36 61 75 99 12 19 49 6 87 73
11 5 85 86 72 57 45 47 94 45 44 72 10 40 46 89 54 39 91 65 17 55 92 55 66 5 64 1 75 76 46 85 81 30 2352 86 67 98 31 63 94 55 72 33 100 12 38 39 3 55 7 9 46 13 74 2 76 26 29 3 71 65 83 1 87 87 38 5 36 6967 81 23 90 66 74 2 2147483647 94 77 76 93 12 58 77 67 79 7 62 55 24 84 33 58 62 43 8 33 29
47 72 95 14 52 69 55 69 94 56 24 58 63 84 79 78 42 13 67 1 21 81 40 84 17 95 82 6 85 17 80 32 88 26 97 92 46 51 60 39 59 83 96 73 67 75 51 8 87 69 60 59 1 51 95 17 45 28 74 82 44 53 65 32 30 13 23 75 63 82 14 73 17 9 46 35 35 48 94 2147483647 93 67 53 87 15 32 70 23 95 19 81 51 46 12 6 55 23 36 39 82
23 39 31 47 55 92 44 41 78 91 34 51 6 38 34 73 92 11 9 42 67 18 26 66 31 73 97 74 33 1 92 7 91 74 53 97 65 97 37 95 87 70 45 45 7 30 69 50 40 29 44 6 46 69 71 29 93 19 2 25 72 93 31 62 19 84 59 35 32 95 29 18 17 73 14 75 54 35 77 93 2147483647 72 34 8 26 64 84 25 96 36 12 37 22 3 93 42 24 99 57 38
5 84 68 75 52 92 40 27 46 74 55 90 37 26 92 97 17 64 37 100 58 78 8 24 12 99 51 16 72 40 7 29 23 74 55 27 17 94 53 62 68 7 4 4 32 95 52 48 10 40 99 67 17 7 90 81 57 92 48 80 83 54 8 58 79 62 84 96 56 88 9 75 94 12 30 77 6 81 76 67 72 2147483647 73 15 65 28 84 36 43 46 51 87 30 77 27 16 87 91 9 45
96 80 7 70 25 19 99 53 76 31 28 43 2 2 28 41 85 54 61 73 24 80 40 77 52 66 86 55 6 31 53 1 62 60 70 39 30 68 91 57 50 19 51 51 72 78 92 56 84 4 80 7 83 71 83 34 89 21 89 94 3 93 47 64 52 68 2 33 36 45 9037 63 40 88 86 70 31 93 53 34 73 2147483647 87 42 30 64 59 54 27 21 34 8 38 79 54 13 89 94 65
29 33 11 66 47 2 5 32 71 35 76 75 20 48 86 35 95 83 87 77 100 28 5 19 13 31 5 1 73 93 70 53 77 32 18 23 34 22 6 56 8 82 31 27 81 68 13 75 50 100 52 1 79 8 19 43 39 75 43 63 68 65 15 44 96 85 67 81 58 24 37 66 5 19 44 86 86 57 12 87 8 15 87 2147483647 12 36 76 87 13 68 2 76 73 74 63 64 15 92 29 29
83 87 54 100 92 72 43 29 9 99 40 47 58 55 85 95 29 93 74 41 24 48 67 25 37 7 18 22 32 81 40 66 68 93 65 11 17 7 91 77 58 30 76 67 36 60 62 16 53 87 56 28 86 74 52 23 81 22 44 64 54 35 29 73 80 93 35 96 51 25 24 60 7 99 27 42 11 88 58 15 26 65 42 12 2147483647 99 53 100 22 50 82 20 76 6 71 62 62 33 13 54
8 3 65 68 61 16 46 3 78 85 12 92 10 76 85 73 66 29 6 36 47 87 69 18 2 30 13 96 87 43 37 95 98 53 14 58 68 59 60 45 43 23 36 4 99 72 77 16 1 34 52 47 20 20 16 73 2 80 68 88 23 56 34 20 9 47 77 76 5 89 73 99 11 60 55 61 32 31 77 32 64 28 30 36 99 2147483647 28 28 87 21 21 90 41 77 80 89 60 15 52 75
24 86 91 75 48 50 29 61 33 11 89 16 26 16 97 61 66 93 21 66 21 48 53 18 82 25 39 25 44 36 43 20 21 8594 20 86 74 80 19 84 68 34 9 35 31 22 1 23 42 66 95 41 70 65 74 94 3 98 90 38 92 9 10 76 2 81 62 27 61 80 10 80 65 70 15 95 91 67 70 84 84 64 76 53 28 2147483647 44 50 9 54 86 40 37 41 24 49 100 81 100
74 21 58 83 52 23 5 66 69 95 84 38 31 67 54 6 71 33 7 69 15 6 7 85 96 2 65 13 1 25 92 75 97 1 9 48 7513 66 44 60 49 33 42 68 38 99 38 71 6 58 85 11 65 69 58 18 85 70 18 9 13 44 57 14 53 57 88 17 22 31 28 22 16 21 89 53 20 79 23 25 36 59 87 100 28 44 2147483647 73 26 56 29 7 92 91 50 15 36 43 82
3 58 61 82 32 76 3 72 28 22 50 51 98 86 61 84 37 88 27 6 52 91 92 76 20 21 56 10 7 93 40 9 2 100 90 33 75 92 57 54 65 6 56 62 43 17 45 32 56 23 37 7 66 28 34 85 100 90 47 58 82 86 66 83 85 8 68 11 99 24 16 16 81 72 77 76 40 74 7 95 96 43 54 13 22 87 50 73 2147483647 40 10 9 78 22 35 52 40 87 2 18
6 86 94 21 66 17 49 93 8 22 99 55 70 93 8 82 66 46 31 39 74 26 21 82 58 20 77 74 75 39 4 32 24 50 4 42 18 52 34 26 74 33 80 43 77 39 24 43 84 7 33 9 32 5 43 42 24 19 15 50 58 71 33 81 20 36 74 89 88 8 6661 92 45 55 68 35 78 62 19 36 46 27 68 50 21 9 26 40 2147483647 89 65 56 82 30 14 30 25 56 72
82 62 22 94 5 19 48 24 53 78 86 23 13 31 2 80 33 22 40 58 61 67 84 9 63 43 90 31 38 44 87 71 57 60 6513 78 12 36 31 89 73 5 2 56 6 33 88 28 25 45 40 91 80 49 53 75 90 83 12 85 21 34 41 81 98 53 10 62 4092 50 13 97 3 68 2 36 55 81 12 51 21 2 82 21 54 56 10 89 2147483647 14 38 9 33 19 48 4 77 68
63 29 46 13 41 42 67 8 96 54 14 76 65 16 48 66 98 20 72 53 29 12 72 74 72 24 11 17 25 100 71 88 81 1652 21 10 18 81 57 24 46 84 88 62 32 54 59 51 77 11 32 88 34 57 11 9 20 27 34 71 49 73 51 17 24 24 26 93 56 82 16 1 65 56 14 48 61 24 51 37 87 34 76 20 90 86 29 9 65 14 2147483647 72 54 41 91 72 93 20 82
5 12 39 21 13 56 28 78 3 88 2 53 24 88 86 99 7 28 36 87 88 52 100 19 17 37 53 97 97 9 55 2 21 93 74 85 100 1 62 3 40 63 7 63 50 45 13 9 24 48 95 63 100 95 34 68 31 86 64 80 94 70 33 14 15 58 98 14 10 12 68 49 74 75 11 76 71 75 84 46 22 30 8 73 76 41 40 7 78 56 38 72 2147483647 14 87 73 14 76 51 61
88 98 72 36 23 98 98 98 68 72 33 65 45 63 25 70 90 65 9 96 43 16 85 66 93 6 2 83 84 88 87 71 37 59 5860 56 55 9 76 78 94 40 23 56 16 92 97 81 52 93 75 20 29 40 12 35 93 46 18 81 33 41 69 91 98 28 98 5 37 73 34 30 65 8 37 80 99 33 12 3 77 38 74 6 77 37 92 22 82 9 54 14 2147483647 3 98 49 98 28 2
3 38 30 36 19 94 44 7 26 94 91 89 48 68 27 21 25 55 57 16 28 91 76 81 56 25 3 12 23 52 17 77 41 46 1259 92 7 17 69 1 7 9 100 26 87 21 50 94 29 17 21 71 45 2 27 69 4 90 43 7 58 71 99 55 82 9 46 41 25 66 41 31 27 40 57 13 12 58 6 93 27 79 63 71 80 41 91 35 30 33 41 87 3 2147483647 78 21 42 11 75
76 23 57 68 53 83 60 61 47 71 71 53 15 97 31 30 67 62 70 57 96 100 41 88 38 95 78 79 30 76 70 58 98 26 25 2 8 84 63 6 7 33 10 73 81 92 2 47 53 72 55 48 23 95 35 60 89 12 39 70 39 60 27 36 85 4 38 44 87 52 49 45 36 59 18 16 50 19 62 55 42 16 54 64 62 89 24 50 52 14 19 91 73 98 78 2147483647 52 43 22 78
39 18 52 84 53 62 53 68 12 71 81 18 65 48 71 28 9 11 3 10 63 68 81 5 40 78 34 100 30 1 51 68 18 55 3 23 16 55 42 79 78 23 96 42 22 67 21 83 77 24 44 91 91 24 47 83 53 81 82 82 81 85 2 98 39 4 72 54 11 1433 88 88 28 29 61 94 49 43 23 24 87 13 15 62 60 49 15 40 30 48 72 14 49 21 52 2147483647 75 87 57
15 6 90 2 93 69 82 53 15 82 48 37 6 86 1 72 47 60 20 61 51 49 61 22 15 9 43 18 13 87 75 79 92 16 80 36 37 13 40 51 95 39 39 100 24 39 23 71 51 42 83 53 42 43 27 8 52 21 26 16 7 100 95 98 68 26 85 4 39 7654 33 15 44 84 38 34 6 8 36 99 91 89 92 33 15 100 36 87 25 4 93 76 98 42 43 75 2147483647 37 27
13 1 3 45 15 46 80 5 32 37 12 67 35 54 55 27 39 21 78 26 7 2 29 51 29 78 92 24 53 69 21 65 70 24 62 36 21 41 92 52 78 56 19 64 9 25 42 99 98 19 25 56 72 53 7 1 31 50 24 83 19 96 99 40 71 60 27 92 53 19 95 82 74 65 45 34 90 87 33 39 57 9 94 29 13 52 81 43 2 56 77 20 51 28 11 22 87 37 2147483647 1
39 55 11 20 80 76 17 66 17 55 98 55 11 58 100 91 70 52 71 65 53 26 93 24 29 20 34 2 7 22 18 97 29 28 69 8 55 85 73 71 91 22 77 1 79 29 92 1 80 14 65 84 92 9 59 20 29 44 21 87 65 90 83 93 17 3 1 72 39 25 94 29 99 23 30 77 51 73 29 82 38 45 65 29 54 75 100 82 18 72 68 82 61 2 75 78 57 27 1 2147483647
